55219
55253
55256
55265
55267
55228
55249
55255
55246
55229
55224
55216
55217
55230
55223
55252
55260
55214
55215
55226
55220
55259
55225
55257
55222
55242
55258
55235
55254
55218
55221
55269
55273
55271
55272
55270
55268
56612
56745
56748
56751
56758
56755
56757
56762
56739
56734
56749
56761
56735
56764
56763
56752
56754
56750
56756
56759
56767
56737
56740
56742
56744
56753
56769
56738
56736
56741
56743
56760
56765
56768
56747
56746
56766
59044
59021
59045
59016
59025
59048
59027
59053
59024
59028
59026
59017
59057
59023
59031
59059
59060
59061
59063
59022
59064
59029
59033
59043
59020
59066
59067
59042
59065
59018
59015
59037
59072
59069
59068
59070
59078
60588
60617
60599
60587
60598
60620
60595
60613
60592
60593
60596
60600
60604
60609
60608
60602
60590
60621
60601
60607
60614
60589
60618
60606
60619
60586
60591
60615
60597
60610
60612
60616
60603
60585
60594
60605
60611
70978
70981
70979
70980
70977
71016
71010
71026
71031
71046
71053
71032
70999
71027
71034
71013
71040
70994
70998
71036
71012
71042
71009
71028
71014
71033
71037
71038
71041
70997
71057
71104
71063
71074
71068
71067
71080
71491
71497
71499
71489
71492
71501
71502
71503
71496
71500
71490
71513
71515
71536
71512
71516
71537
71504
71550
71535
71511
71519
71540
71527
71525
71517
71528
71530
71523
71538
71526
71548
71506
71543
71551
71518
71510
75040
75056
75057
75059
75070
75042
75068
75071
75055
75067
75045
75074
75050
75048
75051
75047
75072
75075
75094
75126
75107
75096
75077
75080
75078
75088
75085
75092
75093
75083
75098
75095
75076
75099
75135
75143
75160
65543
65565
65540
65563
65564
65569
65571
65570
65578
65604
65613
65617
65619
65620
65610
65607
65622
65581
65586
65587
65573
65618
65612
65599
65611
65583
65590
65582
65591
65592
65595
65596
65589
65598
65588
65577
65584
66296
66303
66279
66310
66305
66283
66308
66284
66285
66281
66282
66289
66306
66307
66312
66302
66304
66298
66293
66311
66215
66251
66255
66253
66218
66256
66260
66214
66263
66257
66267
66258
66269
66271
66217
66232
66270
69062
69064
69065
69066
69059
69060
69067
69068
69069
69061
69075
69121
69122
69071
69072
69132
69074
69117
69116
69152
69143
69140
69135
69161
69144
69166
69177
69184
69174
69178
69147
69165
69141
69176
69179
69150
69156
78192
78190
76769
76752
76759
76751
76808
77004
77014
77025
77015
76990
76991
76994
76984
77010
76988
77002
76989
76993
76987
77005
77009
77022
76995
77024
77007
77028
77043
77031
77029
77039
77040
77027
77026
77037
77047
58579
58575
58577
58587
64998
64965
64956
64973
64968
64979
64981
64977
64982
64983
64986
64994
64988
64980
64984
64995
64996
64992
64993
64964
64997
65000
65004
65006
65001
65023
65002
65005
65014
65017
65024
65009
65008
64999
65015
65021
65022
65148
65150
63299
63397
63406
63401
63418
63422
63423
63381
63389
63396
63385
63402
63373
63383
63388
63421
63432
63468
63430
63427
63429
63434
63431
63516
63517
63515
63489
58883
58851
58874
58881
62634
62601
62607
62603
62652
62639
62653
62651
78595
78596
78597
78516
78520
78517
55138
55139
55181
55156
55169
55201
55202
55153
55175
55145
55149
55167
55186
55196
55148
55162
55160
55163
55176
55161
55174
55189
55141
55140
55191
55195
55199
55183
55206
55209
55210
55211
55208
55212
55205
55213
55207
56655
56658
56690
56665
56678
56667
56684
56679
56663
56680
56668
56661
56666
56676
56656
56657
56671
56660
56674
56672
56682
56685
56687
56689
56669
56664
56673
56683
56675
56681
56686
56662
56677
56688
56659
56670
56691
59009
59105
59111
59099
59088
59123
59124
59129
59084
59098
59093
59096
59082
59109
59108
59127
59131
59102
59130
59079
59081
59114
59080
59115
59097
59103
59125
59126
59128
59085
59134
59136
59142
59141
59135
59133
59132
60542
60665
60667
60676
60683
60685
60690
60671
60681
60682
60694
60673
60680
60686
60692
60684
60696
60695
60697
60670
60672
60674
60669
60677
60687
60688
60689
60678
60691
60668
60675
60679
60666
60693
60699
60698
60664
70972
71081
71059
71116
71082
71086
71117
71092
71119
71087
71056
71060
71108
71084
71079
71097
71143
71122
71136
71151
71158
71164
71132
71160
71157
71133
71124
71165
71141
71159
71145
71153
71148
71127
71154
71166
71142
71163
71436
71433
71438
71439
71425
71428
71427
71435
71423
71470
71457
71440
71483
71465
71463
71449
71460
71473
71441
71458
71479
71486
71472
71442
71459
71462
71466
71468
71482
71485
71461
71467
71464
71469
71471
71476
71484
75037
75118
75109
75104
75139
75116
75112
75117
75120
75123
75113
75105
75178
75141
75144
75164
75145
75175
75147
75170
75190
75194
75195
75189
75179
75140
75146
75174
75186
75191
75213
75224
75206
75221
75216
75223
75215
75227
65500
65506
65508
65516
65521
65524
65514
65548
65517
65557
65556
65559
65539
65547
65558
65522
65531
65513
65519
65630
65633
65634
65645
65665
65670
65675
65685
65648
65682
65638
65647
65646
65650
65658
65676
65681
65667
66329
66331
66316
66322
66337
66313
66317
66315
66320
66206
66219
66229
67657
67664
67646
67647
67648
67660
67652
67659
67654
66345
66369
66339
66340
66354
66344
66360
66370
66338
66342
66343
66368
66341
66361
66353
69205
69038
69044
69047
69052
69040
69031
69028
69049
69050
69032
69036
69054
69045
69030
69042
69055
69034
69035
69046
69048
69053
69056
69029
69033
69039
69041
69043
69037
69051
69083
69079
69086
69076
69113
69101
69138
78189
78191
76737
76721
76728
76740
76722
76941
76946
76954
76955
76938
76939
76942
76960
76936
76940
76969
76976
76974
76983
76981
76964
76972
76975
76965
76973
76977
76970
76966
76967
76962
76980
76978
76979
76971
76968
76982
58566
58621
58599
64888
64901
64886
64899
64897
64913
64916
64920
64923
64924
64903
64889
64895
64887
64893
64928
64922
64902
64906
64885
64894
64884
64892
64896
64905
64898
64891
64890
64900
64963
64936
64959
64957
64960
64953
64954
64958
65149
65151
63311
63356
63359
63313
63338
63334
63321
63322
63319
63323
63335
63326
63343
63350
63324
63352
63354
63355
63339
63360
63333
63348
63358
63367
63365
63371
63414
63363
63370
63366
63368
63459
63438
63437
63458
63450
58876
58879
58873
78594
78598
78593
78514
78515
78513
