57389
57390
57392
57393
57368
57371
57384
57394
57354
57356
57342
57366
57364
57353
57365
57343
57374
57334
57331
57351
57362
57378
57361
57335
57379
57357
57350
57380
57381
57370
57349
57382
57383
57385
57360
57333
57386
57369
57387
57372
57367
57376
57363
57338
57348
57358
57359
57373
57355
57345
57375
57377
57336
57346
57388
57339
57391
57332
57337
57340
57344
57347
57352
57341
57412
57415
57428
57406
57435
57402
57425
57438
57439
57440
57441
57448
57449
57450
57451
57452
57454
57455
57398
57456
57399
57417
57411
57419
57424
57404
57396
57421
57395
57457
57458
57431
57403
57436
57444
57453
57414
57409
57426
57422
57429
57432
57413
57423
57427
57400
57408
57430
57405
57410
57420
57434
57433
57437
57442
57445
57401
57407
57443
57397
57446
57447
57416
57418
57481
57507
57522
57510
57513
57462
57475
57493
57465
57470
57473
57459
57477
57476
57469
57478
57501
57498
57489
57511
57471
57490
57517
57472
57474
57495
57487
57482
57486
57461
57483
57512
57494
57514
57516
57460
57518
57519
57497
57463
57467
57499
57502
57504
57506
57464
57468
57491
57466
57479
57484
57496
57500
57503
57485
57505
57492
57515
57520
57488
57521
57480
57508
57509
57532
57545
57566
57574
57579
57582
57535
57536
57542
57586
57561
57554
57524
57575
57537
57563
57567
57555
57550
57564
57523
57557
57526
57525
57529
57540
57543
57549
57556
57560
57565
57559
57569
57552
57562
57572
57573
57534
57546
57576
57551
57577
57538
57578
57581
57548
57553
57531
57583
57539
57585
57568
57541
57571
57580
57584
57527
57570
57533
57530
57544
57547
57528
57558
57595
57627
57602
57591
57630
57633
57588
57592
57637
57640
57647
57639
57644
57648
57604
57649
57621
57618
57600
57631
57643
57650
57646
57645
57605
57598
57603
57634
57587
57593
57613
57615
57594
57632
57608
57597
57611
57616
57617
57636
57609
57619
57622
57624
57589
57606
57590
57601
57610
57620
57612
57625
57623
57599
57614
57626
57635
57596
57638
57607
57641
57629
57628
57642
57652
57665
57686
57694
57713
57714
57655
57656
57662
57708
57681
57674
57695
57701
57657
57683
57687
57675
57670
57684
57677
57692
57693
57697
57660
57663
57669
57676
57685
57680
57689
57679
57698
57672
57682
57696
57705
57654
57666
57706
57671
57703
57658
57707
57709
57668
57673
57651
57710
57659
57712
57688
57661
57691
57700
57704
57711
57690
57653
57664
57667
57678
57699
57702
57738
57760
57763
57766
57776
57719
57715
57732
57722
57727
57730
57735
57734
57733
57726
57750
57773
57777
57746
57778
57728
57747
57759
57729
57731
57765
57744
57739
57743
57718
57740
57753
57751
57767
57769
57772
57762
57717
57757
57720
57724
57754
57761
57770
57771
57721
57725
57748
57723
57736
57741
57752
57716
57756
57742
57758
57749
57768
57774
57745
57775
57737
57755
57764
57787
57788
57797
57796
57804
57817
57820
57823
57828
57789
57818
57798
57799
57806
57807
57803
57819
57810
57827
57829
57830
57832
57837
57811
57838
57833
57826
57840
57841
57842
57825
57779
57784
57792
57801
57808
57782
57780
57802
57795
57809
57836
57839
57814
57824
57793
57834
57785
57831
57790
57821
57805
57781
57812
57822
57815
57835
57813
57791
57794
57800
57816
57783
57786
57862
57875
57896
57900
57844
57850
57865
57847
57866
57872
57891
57849
57854
57884
57867
57893
57897
57885
57880
57894
57853
57887
57856
57855
57859
57870
57873
57846
57879
57848
57851
57886
57889
57882
57890
57892
57895
57864
57876
57899
57843
57881
57868
57902
57903
57845
57878
57861
57883
57869
57904
57898
57871
57901
57905
57906
57852
57857
57863
57860
57874
57877
57858
57888
57933
57961
57940
57929
57962
57963
57918
57923
57925
57930
57964
57965
57966
57911
57942
57967
57959
57907
57916
57938
57956
57968
57969
57970
57943
57936
57908
57919
57917
57922
57931
57941
57932
57951
57946
57935
57915
57949
57953
57954
57947
57913
57955
57957
57927
57920
57928
57939
57944
57948
57950
57914
57910
57926
57937
57921
57952
57934
57958
57909
57945
57960
57912
57924
57991
58023
57998
57971
57987
58025
57976
57981
57983
57988
58026
58028
58029
58030
58000
58031
58017
58014
57974
57996
58027
58032
58033
58034
58001
57972
57977
57980
57975
57989
57994
57999
57990
58009
58004
57993
57973
58007
58011
58012
58005
58013
58015
58018
57985
57978
57986
57997
58002
58006
58008
58016
57984
57995
58010
57979
58019
57992
58020
58003
58021
58022
57982
58024
58048
58061
58074
58075
58036
58078
58051
58052
58058
58081
58076
58035
58040
58086
58053
58077
58087
58088
58066
58085
58039
58090
58042
58041
58045
58056
58059
58065
58084
58037
58083
58091
58093
58068
58094
58095
58096
58050
58062
58097
58067
58098
58054
58072
58082
58064
58069
58047
58089
58055
58079
58092
58057
58070
58080
58073
58038
58043
58049
58046
58060
58063
58044
58071
58132
58154
58157
58160
58110
58113
58126
58144
58116
58121
58108
58124
58106
58127
58099
58107
58120
58104
58128
58129
58122
58140
58103
58123
58125
58141
58138
58133
58137
58112
58134
58147
58145
58153
58102
58159
58156
58111
58151
58114
58109
58118
58105
58100
58148
58101
58115
58119
58117
58130
58135
58142
58146
58150
58136
58152
58143
58155
58161
58139
58162
58131
58149
58158
58170
58181
58182
58190
58191
58167
58198
58211
58214
58183
58212
58192
58193
58200
58201
58197
58213
58217
58218
58221
58222
58166
58223
58202
58204
58163
58220
58224
58225
58226
58219
58173
58178
58186
58195
58203
58171
58174
58168
58164
58176
58189
58169
58165
58196
58187
58172
58179
58205
58184
58208
58199
58175
58206
58215
58209
58216
58207
58185
58188
58194
58210
58177
58180
58248
58251
58264
58271
58274
58238
58261
58275
58276
58277
58281
58282
58283
58284
58285
58286
58287
58288
58234
58290
58235
58253
58247
58255
58260
58227
58232
58241
58231
58228
58257
58267
58239
58272
58280
58289
58250
58245
58262
58242
58258
58265
58249
58259
58263
58236
58240
58244
58229
58246
58256
58266
58268
58269
58230
58270
58237
58273
58278
58233
58279
58243
58252
58254
58351
58292
58352
58353
58332
58335
58348
58354
58318
58320
58306
58295
58328
58294
58317
58291
58307
58326
58315
58329
58330
58338
58325
58296
58298
58321
58314
58342
58343
58334
58313
58297
58344
58345
58324
58299
58346
58333
58347
58336
58331
58340
58327
58302
58312
58322
58323
58337
58319
58309
58339
58293
58300
58310
58341
58303
58349
58301
58304
58316
58308
58311
58350
58305
58381
58356
58394
58359
58362
58369
58384
58366
58385
58391
58396
58368
58373
58407
58386
58410
58412
58404
58399
58360
58372
58406
58375
58374
58378
58363
58389
58355
58361
58365
58367
58370
58392
58398
58403
58401
58402
58383
58395
58405
58408
58409
58387
58411
58400
58364
58397
58380
58413
58388
58414
58415
58390
58416
58417
58418
58371
58376
58382
58379
58393
58358
58357
58377
58423
58452
58459
58448
58476
58477
58437
58442
58444
58449
58424
58430
58421
58461
58478
58422
58426
58435
58457
58475
58462
58455
58427
58438
58436
58441
58450
58460
58451
58470
58425
58454
58434
58465
58468
58472
58466
58432
58473
58474
58446
58439
58447
58458
58463
58467
58469
58433
58429
58420
58445
58440
58456
58419
58453
58428
58464
58471
58431
58443
56621
56629
56649
56653
56654
56643
56648
56650
56655
56616
56630
56636
56618
56627
56612
56619
56628
56620
56632
56615
56633
56614
56641
56617
56631
56624
56640
56642
56638
56644
56623
56645
56647
56652
56639
56626
56635
56625
56646
56651
56613
56622
56634
56637
56658
56690
56665
56693
56678
56707
56698
56703
56705
56708
56709
56710
56713
56714
56667
56716
56684
56679
56663
56696
56717
56680
56718
56719
56668
56661
56666
56699
56676
56656
56697
56702
56657
56711
56671
56660
56674
56695
56712
56715
56672
56682
56685
56687
56689
56669
56664
56673
56700
56683
56675
56681
56686
56662
56677
56688
56694
56659
56701
56670
56706
56692
56691
56704
56770
56745
56720
56748
56733
56751
56758
56755
56773
56774
56777
56757
56762
56779
56722
56775
56739
56734
56782
56749
56761
56735
56764
56763
56723
56752
56721
56754
56731
56750
56756
56759
56767
56778
56726
56729
56780
56772
56781
56783
56727
56737
56740
56742
56744
56724
56728
56753
56769
56738
56730
56736
56741
56743
56732
56776
56760
56765
56771
56725
56768
56747
56746
56766
56804
56812
56844
56846
56829
56832
56845
56847
56835
56840
56799
56792
56813
56819
56801
56810
56825
56793
56788
56802
56795
56811
56815
56822
56794
56803
56787
56816
56823
56798
56826
56797
56827
56790
56800
56814
56807
56784
56830
56831
56789
56821
56824
56828
56833
56786
56791
56806
56834
56836
56837
56838
56818
56809
56839
56808
56841
56842
56843
56796
56785
56805
56817
56820
56851
56873
56876
56867
56889
56863
56886
56896
56899
56900
56901
56848
56902
56904
56906
56907
56908
56909
56859
56910
56860
56878
56872
56880
56885
56865
56857
56852
56856
56853
56882
56892
56864
56897
56905
56911
56875
56870
56887
56883
56890
56893
56874
56884
56888
56861
56869
56891
56854
56849
56866
56871
56881
56894
56855
56895
56862
56868
56898
56858
56903
56850
56877
56879
56952
56917
56953
56955
56964
56962
56965
56966
56943
56945
56931
56920
56967
56919
56942
56916
56932
56923
56969
56970
56954
56956
56961
56924
56971
56946
56958
56972
56973
56974
56975
56968
56914
56937
56949
56921
56922
56940
56915
56951
56959
56963
56950
56927
56938
56939
56947
56948
56944
56934
56957
56918
56925
56935
56960
56928
56912
56926
56913
56929
56933
56936
56941
56930
56976
56977
56991
57012
56987
56986
57020
56988
57025
56978
57007
57000
56985
57021
57009
57018
57027
57001
56996
57010
57003
57019
57023
57028
56989
57002
56995
57011
57024
57006
57032
57005
56981
56998
57008
57022
57015
56992
57031
56984
56997
57029
57033
57034
57035
56982
56994
56999
57014
56979
57036
57030
57026
57017
57038
57016
57037
57039
56980
56983
56990
56993
57004
57013
57049
57082
57056
57045
57069
57085
57041
57046
57088
57095
57096
57097
57098
57099
57058
57100
57075
57070
57054
57102
57087
57071
57081
57089
57059
57052
57057
57091
57067
57047
57094
57101
57048
57103
57062
57051
57065
57079
57084
57092
57063
57073
57076
57083
57043
57060
57044
57055
57064
57074
57066
57072
57042
57053
57068
57077
57078
57050
57080
57061
57090
57093
57040
57086
57109
57110
57119
57118
57126
57139
57142
57145
57150
57111
57140
57120
57121
57128
57129
57125
57141
57132
57151
57152
57154
57160
57159
57133
57161
57155
57162
57163
57164
57165
57166
57167
57106
57114
57123
57130
57104
57131
57124
57117
57146
57149
57158
57136
57147
57115
57148
57107
57153
57112
57143
57127
57134
57144
57156
57137
57157
57135
57113
57116
57122
57138
57105
57108
57188
57208
57230
57204
57231
57169
57182
57200
57172
57177
57180
57185
57184
57183
57176
57206
57209
57207
57196
57211
57178
57197
57215
57179
57181
57202
57194
57189
57193
57168
57190
57212
57201
57220
57210
57221
57219
57222
57223
57170
57174
57217
57226
57227
57229
57171
57175
57198
57173
57186
57191
57203
57214
57218
57192
57224
57199
57205
57225
57195
57213
57187
57216
57228
57237
57269
57244
57233
57257
57272
57234
57275
57279
57282
57292
57281
57286
57293
57246
57294
57263
57258
57242
57273
57285
57259
57288
57287
57247
57240
57245
57276
57255
57235
57274
57278
57236
57280
57250
57239
57253
57283
57291
57295
57251
57261
57264
57266
57268
57248
57232
57243
57252
57262
57254
57260
57265
57241
57256
57267
57277
57238
57284
57249
57289
57271
57270
57290
57307
57328
57329
57297
57298
57304
57323
57299
57316
57325
57312
57317
57319
57302
57305
57311
57318
57322
57321
57314
57296
57308
57313
57300
57324
57310
57315
57301
57303
57326
57327
57330
57306
57320
57309
