55200
55184
55159
55187
55154
55203
55152
55198
55150
55170
55171
55177
55185
55188
55190
55193
55158
55197
55165
55157
55178
55155
55163
55151
55173
55164
55180
55166
55172
55168
55179
55192
55182
55194
55262
55238
55251
55230
55263
55266
55227
55234
55264
55204
56693
56707
56698
56703
56705
56708
56709
56710
56713
56714
56716
56696
56717
56718
56719
56699
56697
56702
56711
56695
56712
56715
56700
56694
56701
56706
56692
56691
56704
56720
56733
56722
56734
56723
56721
56731
56726
56729
56727
56724
56728
56730
56732
56725
59039
59051
59052
59035
59034
59040
59046
59038
59054
59049
59055
59041
59031
59047
59032
59062
59030
59117
59122
59076
59120
59095
59083
59113
59074
59090
59121
59107
59071
59118
59073
59106
59110
59112
59116
59119
59077
59075
59094
59137
59139
59140
59138
59132
60622
60623
60624
60637
60638
60640
60641
60634
60627
60630
60631
60635
60636
60639
60621
60629
60632
60625
60626
60628
60633
60649
60644
60653
60662
60655
60652
60656
60654
60645
60663
60642
60651
60659
60660
60650
60657
60661
60648
60658
60647
60646
60643
60664
71049
71050
71045
71051
71052
71054
71055
71044
71047
71048
71043
71081
71077
71089
71095
71075
71058
71070
71078
71091
71088
71102
71072
71073
71096
71099
71083
71090
71100
71101
71071
71066
71069
71062
71076
71061
71065
71067
71093
71064
71085
71098
71103
71094
71431
71437
71430
71426
71427
71432
71434
71424
71429
71474
71447
71475
71477
71478
71487
71453
71494
71493
71446
71454
71445
71455
71451
71456
71452
71481
71495
71450
71443
71448
71480
71488
71444
71520
71541
71536
71514
71532
71505
71509
71521
71547
71522
71539
76540
76541
75136
75125
75126
75102
75127
75138
75139
75100
75101
75115
75119
75132
75134
75128
75122
75137
75124
75130
75108
75111
75114
75110
75106
75121
75129
75131
75103
75133
75157
75156
75155
75149
75151
75159
75158
75162
75150
75154
75142
75152
75161
75153
75148
75163
65566
65567
65568
65572
65606
65615
65579
65614
65621
65602
65600
65608
65609
65624
65631
65632
65580
65603
65605
65616
65585
65593
65575
65576
65582
65594
65597
65601
65574
65643
65645
65654
65649
65671
65644
65663
65664
65642
65684
65661
65662
65639
65657
65679
66278
66276
66300
66285
66286
66277
66280
66275
66292
66309
66295
66287
66288
66301
66299
66294
66291
66290
66297
66274
66249
66259
66261
66262
66264
66266
66252
66265
66268
66272
66250
66254
66273
67657
67663
67661
67650
67653
67656
67649
67655
67662
67651
67658
69057
69058
69063
69070
69109
69091
69097
69087
69107
69114
69115
69073
69078
69100
69098
69102
69077
69089
69104
69108
69079
69092
69110
69105
69082
69103
69119
69096
69081
69111
69118
69095
69085
69088
69080
69099
69112
69084
69120
69094
69093
69116
69106
69090
76955
76998
77032
77029
77033
77036
77045
77038
77046
77044
77030
77203
77204
77179
77180
77181
77185
77183
77199
77201
77202
77177
77191
77178
77182
77197
77206
77176
77174
77175
77198
77184
77196
77200
77221
77224
77220
77218
77222
77225
77223
77227
77231
77219
64910
64913
64914
64927
64929
64908
64912
64930
64931
64915
64926
64932
64918
64933
64934
64921
64919
64917
64925
64904
64907
64909
64911
64949
64938
64950
64943
64962
64939
64961
64940
64952
64956
64946
64951
64948
64944
64941
64935
64955
64945
64937
64942
64947
63415
63417
63391
63399
63384
63400
63411
63418
63407
63392
63408
63376
63380
63420
63414
63394
63404
63386
63419
63424
63416
63382
63390
63374
63387
63398
63393
63409
63372
63412
63377
63379
63375
63395
63403
63405
63413
63378
63410
63428
63425
63433
63435
63426
55137
55138
55144
55142
55143
55146
55147
55240
55248
55237
55231
55247
55239
55261
55250
55243
55259
55236
55233
55245
55244
55232
55241
55309
55278
55316
55313
55325
55329
55308
55288
55275
55284
55287
55299
55320
55327
55289
55300
55301
55290
55295
55333
55337
56621
56629
56649
56653
56654
56643
56648
56650
56655
56616
56630
56636
56618
56627
56612
56619
56628
56620
56632
56615
56633
56614
56641
56617
56631
56624
56640
56642
56638
56644
56623
56645
56647
56652
56639
56626
56635
56625
56646
56651
56613
56622
56634
56637
58992
58998
58986
59003
58982
58979
58980
58983
58985
58987
58989
58977
58991
58988
58994
58995
58996
58993
58978
59000
58984
58997
58999
59001
58990
59002
58981
59050
59006
59036
59008
59056
59007
59011
59014
59004
59005
59010
59012
59067
59058
59013
59009
59019
60577
60572
60556
60561
60548
60563
60546
60549
60550
60551
60554
60557
60553
60555
60559
60542
60547
60560
60543
60562
60564
60545
60567
60568
60569
60570
60571
60573
60574
60552
60558
60575
60565
60566
60576
60544
60584
60582
60583
60579
60581
60580
60578
60585
70972
70973
70976
70982
70974
70975
70983
70984
70985
70986
70987
70988
70989
70990
70991
71023
70993
71000
71024
71006
71030
71002
71025
71021
71007
71011
71022
71029
70998
70995
71008
71004
71015
71039
71020
71005
71019
71003
70996
71001
71017
71018
71035
70992
71423
71498
71563
71534
71566
71567
71533
71524
71545
71507
71523
71542
71544
71546
71508
71529
71549
71531
71553
71561
71568
71589
71614
71577
71612
71598
71595
71570
71585
71590
71591
71594
71604
71611
71601
71592
71597
71587
71610
71569
71613
71586
71588
71593
76539
76538
75037
75033
75036
75028
75035
75038
75049
75053
75029
75058
75027
75044
75064
75032
75061
75041
75066
75069
75046
75030
75054
75060
75039
75065
75073
75052
75026
75043
75031
75062
75063
75034
75025
75089
75079
75091
75087
75097
75092
75090
75082
75084
75081
75086
65501
65502
65503
65504
65505
65507
65535
65512
65511
65529
65523
65520
65533
65534
65537
65545
65546
65541
65550
65538
65553
65555
65528
65560
65551
65544
65509
65554
65542
65510
65530
65526
65540
65549
65561
65531
65536
65527
65552
65562
65525
65515
65532
65518
66200
66202
66203
66204
66205
66209
66210
66211
66208
66212
66199
66201
66207
66213
66242
66230
66224
66226
66235
66222
66236
66240
66243
66238
66246
66221
66245
66244
66247
66241
66248
66233
66234
66225
66229
66220
66216
66223
66228
66231
66232
66227
66237
66239
69123
69125
69128
69124
69126
69133
69129
69134
69131
69127
69130
69159
69181
69137
69169
69170
69182
69136
69162
69138
69171
69148
69172
69175
69139
69183
69157
69142
69154
69167
69173
69146
69158
69160
69168
69180
69145
69153
69151
69155
69164
69179
69149
69163
58601
58602
58604
58621
58625
58629
58630
58608
58623
58635
58597
58616
58607
58617
58610
58605
58598
58628
58632
58634
58606
58577
58609
58626
58633
58641
58642
58657
58648
58643
58637
58651
58660
58644
58638
58658
58650
58655
58645
58647
58640
58636
58659
58639
64902
64985
64971
64967
64975
64987
64970
64976
64972
64974
64966
64989
64978
64990
64991
64969
65016
65020
65040
65027
65046
65052
65053
65056
65058
65003
65019
65025
65037
65051
65013
65062
65050
65010
65011
65015
65018
65007
65026
65034
65012
65082
65076
65085
58851
58879
58749
58751
58728
58756
58757
58747
58718
58730
58720
58739
58731
58719
58736
58740
58738
58729
58753
58723
58726
58733
58762
58744
58761
58741
58745
58722
58724
58755
58725
58754
58721
58742
58727
58768
58772
58773
58769
58767
58774
58775
58776
58764
